T:\C++\EightQueen\cmake-build-debug\EightQueen.exe


Group1

1  0  0  0  0  0  0  0
0  0  0  0  1  0  0  0
0  0  0  0  0  0  0  1
0  0  0  0  0  1  0  0
0  0  1  0  0  0  0  0
0  0  0  0  0  0  1  0
0  1  0  0  0  0  0  0
0  0  0  1  0  0  0  0

Group2

1  0  0  0  0  0  0  0
0  0  0  0  0  1  0  0
0  0  0  0  0  0  0  1
0  0  1  0  0  0  0  0
0  0  0  0  0  0  1  0
0  0  0  1  0  0  0  0
0  1  0  0  0  0  0  0
0  0  0  0  1  0  0  0

Group3

1  0  0  0  0  0  0  0
0  0  0  0  0  0  1  0
0  0  0  1  0  0  0  0
0  0  0  0  0  1  0  0
0  0  0  0  0  0  0  1
0  1  0  0  0  0  0  0
0  0  0  0  1  0  0  0
0  0  1  0  0  0  0  0

Group4

1  0  0  0  0  0  0  0
0  0  0  0  0  0  1  0
0  0  0  0  1  0  0  0
0  0  0  0  0  0  0  1
0  1  0  0  0  0  0  0
0  0  0  1  0  0  0  0
0  0  0  0  0  1  0  0
0  0  1  0  0  0  0  0

Group5

0  1  0  0  0  0  0  0
0  0  0  1  0  0  0  0
0  0  0  0  0  1  0  0
0  0  0  0  0  0  0  1
0  0  1  0  0  0  0  0
1  0  0  0  0  0  0  0
0  0  0  0  0  0  1  0
0  0  0  0  1  0  0  0

Group6

0  1  0  0  0  0  0  0
0  0  0  0  1  0  0  0
0  0  0  0  0  0  1  0
1  0  0  0  0  0  0  0
0  0  1  0  0  0  0  0
0  0  0  0  0  0  0  1
0  0  0  0  0  1  0  0
0  0  0  1  0  0  0  0

Group7

0  1  0  0  0  0  0  0
0  0  0  0  1  0  0  0
0  0  0  0  0  0  1  0
0  0  0  1  0  0  0  0
1  0  0  0  0  0  0  0
0  0  0  0  0  0  0  1
0  0  0  0  0  1  0  0
0  0  1  0  0  0  0  0

Group8

0  1  0  0  0  0  0  0
0  0  0  0  0  1  0  0
1  0  0  0  0  0  0  0
0  0  0  0  0  0  1  0
0  0  0  1  0  0  0  0
0  0  0  0  0  0  0  1
0  0  1  0  0  0  0  0
0  0  0  0  1  0  0  0

Group9

0  1  0  0  0  0  0  0
0  0  0  0  0  1  0  0
0  0  0  0  0  0  0  1
0  0  1  0  0  0  0  0
1  0  0  0  0  0  0  0
0  0  0  1  0  0  0  0
0  0  0  0  0  0  1  0
0  0  0  0  1  0  0  0

Group10

0  1  0  0  0  0  0  0
0  0  0  0  0  0  1  0
0  0  1  0  0  0  0  0
0  0  0  0  0  1  0  0
0  0  0  0  0  0  0  1
0  0  0  0  1  0  0  0
1  0  0  0  0  0  0  0
0  0  0  1  0  0  0  0

Group11

0  1  0  0  0  0  0  0
0  0  0  0  0  0  1  0
0  0  0  0  1  0  0  0
0  0  0  0  0  0  0  1
1  0  0  0  0  0  0  0
0  0  0  1  0  0  0  0
0  0  0  0  0  1  0  0
0  0  1  0  0  0  0  0

Group12

0  1  0  0  0  0  0  0
0  0  0  0  0  0  0  1
0  0  0  0  0  1  0  0
1  0  0  0  0  0  0  0
0  0  1  0  0  0  0  0
0  0  0  0  1  0  0  0
0  0  0  0  0  0  1  0
0  0  0  1  0  0  0  0

Group13

0  0  1  0  0  0  0  0
1  0  0  0  0  0  0  0
0  0  0  0  0  0  1  0
0  0  0  0  1  0  0  0
0  0  0  0  0  0  0  1
0  1  0  0  0  0  0  0
0  0  0  1  0  0  0  0
0  0  0  0  0  1  0  0

Group14

0  0  1  0  0  0  0  0
0  0  0  0  1  0  0  0
0  1  0  0  0  0  0  0
0  0  0  0  0  0  0  1
1  0  0  0  0  0  0  0
0  0  0  0  0  0  1  0
0  0  0  1  0  0  0  0
0  0  0  0  0  1  0  0

Group15

0  0  1  0  0  0  0  0
0  0  0  0  1  0  0  0
0  1  0  0  0  0  0  0
0  0  0  0  0  0  0  1
0  0  0  0  0  1  0  0
0  0  0  1  0  0  0  0
0  0  0  0  0  0  1  0
1  0  0  0  0  0  0  0

Group16

0  0  1  0  0  0  0  0
0  0  0  0  1  0  0  0
0  0  0  0  0  0  1  0
1  0  0  0  0  0  0  0
0  0  0  1  0  0  0  0
0  1  0  0  0  0  0  0
0  0  0  0  0  0  0  1
0  0  0  0  0  1  0  0

Group17

0  0  1  0  0  0  0  0
0  0  0  0  1  0  0  0
0  0  0  0  0  0  0  1
0  0  0  1  0  0  0  0
1  0  0  0  0  0  0  0
0  0  0  0  0  0  1  0
0  1  0  0  0  0  0  0
0  0  0  0  0  1  0  0

Group18

0  0  1  0  0  0  0  0
0  0  0  0  0  1  0  0
0  1  0  0  0  0  0  0
0  0  0  0  1  0  0  0
0  0  0  0  0  0  0  1
1  0  0  0  0  0  0  0
0  0  0  0  0  0  1  0
0  0  0  1  0  0  0  0

Group19

0  0  1  0  0  0  0  0
0  0  0  0  0  1  0  0
0  1  0  0  0  0  0  0
0  0  0  0  0  0  1  0
1  0  0  0  0  0  0  0
0  0  0  1  0  0  0  0
0  0  0  0  0  0  0  1
0  0  0  0  1  0  0  0

Group20

0  0  1  0  0  0  0  0
0  0  0  0  0  1  0  0
0  1  0  0  0  0  0  0
0  0  0  0  0  0  1  0
0  0  0  0  1  0  0  0
1  0  0  0  0  0  0  0
0  0  0  0  0  0  0  1
0  0  0  1  0  0  0  0

Group21

0  0  1  0  0  0  0  0
0  0  0  0  0  1  0  0
0  0  0  1  0  0  0  0
1  0  0  0  0  0  0  0
0  0  0  0  0  0  0  1
0  0  0  0  1  0  0  0
0  0  0  0  0  0  1  0
0  1  0  0  0  0  0  0

Group22

0  0  1  0  0  0  0  0
0  0  0  0  0  1  0  0
0  0  0  1  0  0  0  0
0  1  0  0  0  0  0  0
0  0  0  0  0  0  0  1
0  0  0  0  1  0  0  0
0  0  0  0  0  0  1  0
1  0  0  0  0  0  0  0

Group23

0  0  1  0  0  0  0  0
0  0  0  0  0  1  0  0
0  0  0  0  0  0  0  1
1  0  0  0  0  0  0  0
0  0  0  1  0  0  0  0
0  0  0  0  0  0  1  0
0  0  0  0  1  0  0  0
0  1  0  0  0  0  0  0

Group24

0  0  1  0  0  0  0  0
0  0  0  0  0  1  0  0
0  0  0  0  0  0  0  1
1  0  0  0  0  0  0  0
0  0  0  0  1  0  0  0
0  0  0  0  0  0  1  0
0  1  0  0  0  0  0  0
0  0  0  1  0  0  0  0

Group25

0  0  1  0  0  0  0  0
0  0  0  0  0  1  0  0
0  0  0  0  0  0  0  1
0  1  0  0  0  0  0  0
0  0  0  1  0  0  0  0
1  0  0  0  0  0  0  0
0  0  0  0  0  0  1  0
0  0  0  0  1  0  0  0

Group26

0  0  1  0  0  0  0  0
0  0  0  0  0  0  1  0
0  1  0  0  0  0  0  0
0  0  0  0  0  0  0  1
0  0  0  0  1  0  0  0
1  0  0  0  0  0  0  0
0  0  0  1  0  0  0  0
0  0  0  0  0  1  0  0

Group27

0  0  1  0  0  0  0  0
0  0  0  0  0  0  1  0
0  1  0  0  0  0  0  0
0  0  0  0  0  0  0  1
0  0  0  0  0  1  0  0
0  0  0  1  0  0  0  0
1  0  0  0  0  0  0  0
0  0  0  0  1  0  0  0

Group28

0  0  1  0  0  0  0  0
0  0  0  0  0  0  0  1
0  0  0  1  0  0  0  0
0  0  0  0  0  0  1  0
1  0  0  0  0  0  0  0
0  0  0  0  0  1  0  0
0  1  0  0  0  0  0  0
0  0  0  0  1  0  0  0

Group29

0  0  0  1  0  0  0  0
1  0  0  0  0  0  0  0
0  0  0  0  1  0  0  0
0  0  0  0  0  0  0  1
0  1  0  0  0  0  0  0
0  0  0  0  0  0  1  0
0  0  1  0  0  0  0  0
0  0  0  0  0  1  0  0

Group30

0  0  0  1  0  0  0  0
1  0  0  0  0  0  0  0
0  0  0  0  1  0  0  0
0  0  0  0  0  0  0  1
0  0  0  0  0  1  0  0
0  0  1  0  0  0  0  0
0  0  0  0  0  0  1  0
0  1  0  0  0  0  0  0

Group31

0  0  0  1  0  0  0  0
0  1  0  0  0  0  0  0
0  0  0  0  1  0  0  0
0  0  0  0  0  0  0  1
0  0  0  0  0  1  0  0
1  0  0  0  0  0  0  0
0  0  1  0  0  0  0  0
0  0  0  0  0  0  1  0

Group32

0  0  0  1  0  0  0  0
0  1  0  0  0  0  0  0
0  0  0  0  0  0  1  0
0  0  1  0  0  0  0  0
0  0  0  0  0  1  0  0
0  0  0  0  0  0  0  1
1  0  0  0  0  0  0  0
0  0  0  0  1  0  0  0

Group33

0  0  0  1  0  0  0  0
0  1  0  0  0  0  0  0
0  0  0  0  0  0  1  0
0  0  1  0  0  0  0  0
0  0  0  0  0  1  0  0
0  0  0  0  0  0  0  1
0  0  0  0  1  0  0  0
1  0  0  0  0  0  0  0

Group34

0  0  0  1  0  0  0  0
0  1  0  0  0  0  0  0
0  0  0  0  0  0  1  0
0  0  0  0  1  0  0  0
1  0  0  0  0  0  0  0
0  0  0  0  0  0  0  1
0  0  0  0  0  1  0  0
0  0  1  0  0  0  0  0

Group35

0  0  0  1  0  0  0  0
0  1  0  0  0  0  0  0
0  0  0  0  0  0  0  1
0  0  0  0  1  0  0  0
0  0  0  0  0  0  1  0
1  0  0  0  0  0  0  0
0  0  1  0  0  0  0  0
0  0  0  0  0  1  0  0

Group36

0  0  0  1  0  0  0  0
0  1  0  0  0  0  0  0
0  0  0  0  0  0  0  1
0  0  0  0  0  1  0  0
1  0  0  0  0  0  0  0
0  0  1  0  0  0  0  0
0  0  0  0  1  0  0  0
0  0  0  0  0  0  1  0

Group37

0  0  0  1  0  0  0  0
0  0  0  0  0  1  0  0
1  0  0  0  0  0  0  0
0  0  0  0  1  0  0  0
0  1  0  0  0  0  0  0
0  0  0  0  0  0  0  1
0  0  1  0  0  0  0  0
0  0  0  0  0  0  1  0

Group38

0  0  0  1  0  0  0  0
0  0  0  0  0  1  0  0
0  0  0  0  0  0  0  1
0  1  0  0  0  0  0  0
0  0  0  0  0  0  1  0
1  0  0  0  0  0  0  0
0  0  1  0  0  0  0  0
0  0  0  0  1  0  0  0

Group39

0  0  0  1  0  0  0  0
0  0  0  0  0  1  0  0
0  0  0  0  0  0  0  1
0  0  1  0  0  0  0  0
1  0  0  0  0  0  0  0
0  0  0  0  0  0  1  0
0  0  0  0  1  0  0  0
0  1  0  0  0  0  0  0

Group40

0  0  0  1  0  0  0  0
0  0  0  0  0  0  1  0
1  0  0  0  0  0  0  0
0  0  0  0  0  0  0  1
0  0  0  0  1  0  0  0
0  1  0  0  0  0  0  0
0  0  0  0  0  1  0  0
0  0  1  0  0  0  0  0

Group41

0  0  0  1  0  0  0  0
0  0  0  0  0  0  1  0
0  0  1  0  0  0  0  0
0  0  0  0  0  0  0  1
0  1  0  0  0  0  0  0
0  0  0  0  1  0  0  0
1  0  0  0  0  0  0  0
0  0  0  0  0  1  0  0

Group42

0  0  0  1  0  0  0  0
0  0  0  0  0  0  1  0
0  0  0  0  1  0  0  0
0  1  0  0  0  0  0  0
0  0  0  0  0  1  0  0
1  0  0  0  0  0  0  0
0  0  1  0  0  0  0  0
0  0  0  0  0  0  0  1

Group43

0  0  0  1  0  0  0  0
0  0  0  0  0  0  1  0
0  0  0  0  1  0  0  0
0  0  1  0  0  0  0  0
1  0  0  0  0  0  0  0
0  0  0  0  0  1  0  0
0  0  0  0  0  0  0  1
0  1  0  0  0  0  0  0

Group44

0  0  0  1  0  0  0  0
0  0  0  0  0  0  0  1
1  0  0  0  0  0  0  0
0  0  1  0  0  0  0  0
0  0  0  0  0  1  0  0
0  1  0  0  0  0  0  0
0  0  0  0  0  0  1  0
0  0  0  0  1  0  0  0

Group45

0  0  0  1  0  0  0  0
0  0  0  0  0  0  0  1
1  0  0  0  0  0  0  0
0  0  0  0  1  0  0  0
0  0  0  0  0  0  1  0
0  1  0  0  0  0  0  0
0  0  0  0  0  1  0  0
0  0  1  0  0  0  0  0

Group46

0  0  0  1  0  0  0  0
0  0  0  0  0  0  0  1
0  0  0  0  1  0  0  0
0  0  1  0  0  0  0  0
1  0  0  0  0  0  0  0
0  0  0  0  0  0  1  0
0  1  0  0  0  0  0  0
0  0  0  0  0  1  0  0

Group47

0  0  0  0  1  0  0  0
1  0  0  0  0  0  0  0
0  0  0  1  0  0  0  0
0  0  0  0  0  1  0  0
0  0  0  0  0  0  0  1
0  1  0  0  0  0  0  0
0  0  0  0  0  0  1  0
0  0  1  0  0  0  0  0

Group48

0  0  0  0  1  0  0  0
1  0  0  0  0  0  0  0
0  0  0  0  0  0  0  1
0  0  0  1  0  0  0  0
0  1  0  0  0  0  0  0
0  0  0  0  0  0  1  0
0  0  1  0  0  0  0  0
0  0  0  0  0  1  0  0

Group49

0  0  0  0  1  0  0  0
1  0  0  0  0  0  0  0
0  0  0  0  0  0  0  1
0  0  0  0  0  1  0  0
0  0  1  0  0  0  0  0
0  0  0  0  0  0  1  0
0  1  0  0  0  0  0  0
0  0  0  1  0  0  0  0

Group50

0  0  0  0  1  0  0  0
0  1  0  0  0  0  0  0
0  0  0  1  0  0  0  0
0  0  0  0  0  1  0  0
0  0  0  0  0  0  0  1
0  0  1  0  0  0  0  0
1  0  0  0  0  0  0  0
0  0  0  0  0  0  1  0

Group51

0  0  0  0  1  0  0  0
0  1  0  0  0  0  0  0
0  0  0  1  0  0  0  0
0  0  0  0  0  0  1  0
0  0  1  0  0  0  0  0
0  0  0  0  0  0  0  1
0  0  0  0  0  1  0  0
1  0  0  0  0  0  0  0

Group52

0  0  0  0  1  0  0  0
0  1  0  0  0  0  0  0
0  0  0  0  0  1  0  0
1  0  0  0  0  0  0  0
0  0  0  0  0  0  1  0
0  0  0  1  0  0  0  0
0  0  0  0  0  0  0  1
0  0  1  0  0  0  0  0

Group53

0  0  0  0  1  0  0  0
0  1  0  0  0  0  0  0
0  0  0  0  0  0  0  1
1  0  0  0  0  0  0  0
0  0  0  1  0  0  0  0
0  0  0  0  0  0  1  0
0  0  1  0  0  0  0  0
0  0  0  0  0  1  0  0

Group54

0  0  0  0  1  0  0  0
0  0  1  0  0  0  0  0
1  0  0  0  0  0  0  0
0  0  0  0  0  1  0  0
0  0  0  0  0  0  0  1
0  1  0  0  0  0  0  0
0  0  0  1  0  0  0  0
0  0  0  0  0  0  1  0

Group55

0  0  0  0  1  0  0  0
0  0  1  0  0  0  0  0
1  0  0  0  0  0  0  0
0  0  0  0  0  0  1  0
0  1  0  0  0  0  0  0
0  0  0  0  0  0  0  1
0  0  0  0  0  1  0  0
0  0  0  1  0  0  0  0

Group56

0  0  0  0  1  0  0  0
0  0  1  0  0  0  0  0
0  0  0  0  0  0  0  1
0  0  0  1  0  0  0  0
0  0  0  0  0  0  1  0
1  0  0  0  0  0  0  0
0  0  0  0  0  1  0  0
0  1  0  0  0  0  0  0

Group57

0  0  0  0  1  0  0  0
0  0  0  0  0  0  1  0
1  0  0  0  0  0  0  0
0  0  1  0  0  0  0  0
0  0  0  0  0  0  0  1
0  0  0  0  0  1  0  0
0  0  0  1  0  0  0  0
0  1  0  0  0  0  0  0

Group58

0  0  0  0  1  0  0  0
0  0  0  0  0  0  1  0
1  0  0  0  0  0  0  0
0  0  0  1  0  0  0  0
0  1  0  0  0  0  0  0
0  0  0  0  0  0  0  1
0  0  0  0  0  1  0  0
0  0  1  0  0  0  0  0

Group59

0  0  0  0  1  0  0  0
0  0  0  0  0  0  1  0
0  1  0  0  0  0  0  0
0  0  0  1  0  0  0  0
0  0  0  0  0  0  0  1
1  0  0  0  0  0  0  0
0  0  1  0  0  0  0  0
0  0  0  0  0  1  0  0

Group60

0  0  0  0  1  0  0  0
0  0  0  0  0  0  1  0
0  1  0  0  0  0  0  0
0  0  0  0  0  1  0  0
0  0  1  0  0  0  0  0
1  0  0  0  0  0  0  0
0  0  0  1  0  0  0  0
0  0  0  0  0  0  0  1

Group61

0  0  0  0  1  0  0  0
0  0  0  0  0  0  1  0
0  1  0  0  0  0  0  0
0  0  0  0  0  1  0  0
0  0  1  0  0  0  0  0
1  0  0  0  0  0  0  0
0  0  0  0  0  0  0  1
0  0  0  1  0  0  0  0

Group62

0  0  0  0  1  0  0  0
0  0  0  0  0  0  1  0
0  0  0  1  0  0  0  0
1  0  0  0  0  0  0  0
0  0  1  0  0  0  0  0
0  0  0  0  0  0  0  1
0  0  0  0  0  1  0  0
0  1  0  0  0  0  0  0

Group63

0  0  0  0  1  0  0  0
0  0  0  0  0  0  0  1
0  0  0  1  0  0  0  0
1  0  0  0  0  0  0  0
0  0  1  0  0  0  0  0
0  0  0  0  0  1  0  0
0  1  0  0  0  0  0  0
0  0  0  0  0  0  1  0

Group64

0  0  0  0  1  0  0  0
0  0  0  0  0  0  0  1
0  0  0  1  0  0  0  0
1  0  0  0  0  0  0  0
0  0  0  0  0  0  1  0
0  1  0  0  0  0  0  0
0  0  0  0  0  1  0  0
0  0  1  0  0  0  0  0

Group65

0  0  0  0  0  1  0  0
1  0  0  0  0  0  0  0
0  0  0  0  1  0  0  0
0  1  0  0  0  0  0  0
0  0  0  0  0  0  0  1
0  0  1  0  0  0  0  0
0  0  0  0  0  0  1  0
0  0  0  1  0  0  0  0

Group66

0  0  0  0  0  1  0  0
0  1  0  0  0  0  0  0
0  0  0  0  0  0  1  0
1  0  0  0  0  0  0  0
0  0  1  0  0  0  0  0
0  0  0  0  1  0  0  0
0  0  0  0  0  0  0  1
0  0  0  1  0  0  0  0

Group67

0  0  0  0  0  1  0  0
0  1  0  0  0  0  0  0
0  0  0  0  0  0  1  0
1  0  0  0  0  0  0  0
0  0  0  1  0  0  0  0
0  0  0  0  0  0  0  1
0  0  0  0  1  0  0  0
0  0  1  0  0  0  0  0

Group68

0  0  0  0  0  1  0  0
0  0  1  0  0  0  0  0
1  0  0  0  0  0  0  0
0  0  0  0  0  0  1  0
0  0  0  0  1  0  0  0
0  0  0  0  0  0  0  1
0  1  0  0  0  0  0  0
0  0  0  1  0  0  0  0

Group69

0  0  0  0  0  1  0  0
0  0  1  0  0  0  0  0
1  0  0  0  0  0  0  0
0  0  0  0  0  0  0  1
0  0  0  1  0  0  0  0
0  1  0  0  0  0  0  0
0  0  0  0  0  0  1  0
0  0  0  0  1  0  0  0

Group70

0  0  0  0  0  1  0  0
0  0  1  0  0  0  0  0
1  0  0  0  0  0  0  0
0  0  0  0  0  0  0  1
0  0  0  0  1  0  0  0
0  1  0  0  0  0  0  0
0  0  0  1  0  0  0  0
0  0  0  0  0  0  1  0

Group71

0  0  0  0  0  1  0  0
0  0  1  0  0  0  0  0
0  0  0  0  1  0  0  0
0  0  0  0  0  0  1  0
1  0  0  0  0  0  0  0
0  0  0  1  0  0  0  0
0  1  0  0  0  0  0  0
0  0  0  0  0  0  0  1

Group72

0  0  0  0  0  1  0  0
0  0  1  0  0  0  0  0
0  0  0  0  1  0  0  0
0  0  0  0  0  0  0  1
1  0  0  0  0  0  0  0
0  0  0  1  0  0  0  0
0  1  0  0  0  0  0  0
0  0  0  0  0  0  1  0

Group73

0  0  0  0  0  1  0  0
0  0  1  0  0  0  0  0
0  0  0  0  0  0  1  0
0  1  0  0  0  0  0  0
0  0  0  1  0  0  0  0
0  0  0  0  0  0  0  1
1  0  0  0  0  0  0  0
0  0  0  0  1  0  0  0

Group74

0  0  0  0  0  1  0  0
0  0  1  0  0  0  0  0
0  0  0  0  0  0  1  0
0  1  0  0  0  0  0  0
0  0  0  0  0  0  0  1
0  0  0  0  1  0  0  0
1  0  0  0  0  0  0  0
0  0  0  1  0  0  0  0

Group75

0  0  0  0  0  1  0  0
0  0  1  0  0  0  0  0
0  0  0  0  0  0  1  0
0  0  0  1  0  0  0  0
1  0  0  0  0  0  0  0
0  0  0  0  0  0  0  1
0  1  0  0  0  0  0  0
0  0  0  0  1  0  0  0

Group76

0  0  0  0  0  1  0  0
0  0  0  1  0  0  0  0
1  0  0  0  0  0  0  0
0  0  0  0  1  0  0  0
0  0  0  0  0  0  0  1
0  1  0  0  0  0  0  0
0  0  0  0  0  0  1  0
0  0  1  0  0  0  0  0

Group77

0  0  0  0  0  1  0  0
0  0  0  1  0  0  0  0
0  1  0  0  0  0  0  0
0  0  0  0  0  0  0  1
0  0  0  0  1  0  0  0
0  0  0  0  0  0  1  0
1  0  0  0  0  0  0  0
0  0  1  0  0  0  0  0

Group78

0  0  0  0  0  1  0  0
0  0  0  1  0  0  0  0
0  0  0  0  0  0  1  0
1  0  0  0  0  0  0  0
0  0  1  0  0  0  0  0
0  0  0  0  1  0  0  0
0  1  0  0  0  0  0  0
0  0  0  0  0  0  0  1

Group79

0  0  0  0  0  1  0  0
0  0  0  1  0  0  0  0
0  0  0  0  0  0  1  0
1  0  0  0  0  0  0  0
0  0  0  0  0  0  0  1
0  1  0  0  0  0  0  0
0  0  0  0  1  0  0  0
0  0  1  0  0  0  0  0

Group80

0  0  0  0  0  1  0  0
0  0  0  0  0  0  0  1
0  1  0  0  0  0  0  0
0  0  0  1  0  0  0  0
1  0  0  0  0  0  0  0
0  0  0  0  0  0  1  0
0  0  0  0  1  0  0  0
0  0  1  0  0  0  0  0

Group81

0  0  0  0  0  0  1  0
1  0  0  0  0  0  0  0
0  0  1  0  0  0  0  0
0  0  0  0  0  0  0  1
0  0  0  0  0  1  0  0
0  0  0  1  0  0  0  0
0  1  0  0  0  0  0  0
0  0  0  0  1  0  0  0

Group82

0  0  0  0  0  0  1  0
0  1  0  0  0  0  0  0
0  0  0  1  0  0  0  0
1  0  0  0  0  0  0  0
0  0  0  0  0  0  0  1
0  0  0  0  1  0  0  0
0  0  1  0  0  0  0  0
0  0  0  0  0  1  0  0

Group83

0  0  0  0  0  0  1  0
0  1  0  0  0  0  0  0
0  0  0  0  0  1  0  0
0  0  1  0  0  0  0  0
1  0  0  0  0  0  0  0
0  0  0  1  0  0  0  0
0  0  0  0  0  0  0  1
0  0  0  0  1  0  0  0

Group84

0  0  0  0  0  0  1  0
0  0  1  0  0  0  0  0
1  0  0  0  0  0  0  0
0  0  0  0  0  1  0  0
0  0  0  0  0  0  0  1
0  0  0  0  1  0  0  0
0  1  0  0  0  0  0  0
0  0  0  1  0  0  0  0

Group85

0  0  0  0  0  0  1  0
0  0  1  0  0  0  0  0
0  0  0  0  0  0  0  1
0  1  0  0  0  0  0  0
0  0  0  0  1  0  0  0
1  0  0  0  0  0  0  0
0  0  0  0  0  1  0  0
0  0  0  1  0  0  0  0

Group86

0  0  0  0  0  0  1  0
0  0  0  1  0  0  0  0
0  1  0  0  0  0  0  0
0  0  0  0  1  0  0  0
0  0  0  0  0  0  0  1
1  0  0  0  0  0  0  0
0  0  1  0  0  0  0  0
0  0  0  0  0  1  0  0

Group87

0  0  0  0  0  0  1  0
0  0  0  1  0  0  0  0
0  1  0  0  0  0  0  0
0  0  0  0  0  0  0  1
0  0  0  0  0  1  0  0
1  0  0  0  0  0  0  0
0  0  1  0  0  0  0  0
0  0  0  0  1  0  0  0

Group88

0  0  0  0  0  0  1  0
0  0  0  0  1  0  0  0
0  0  1  0  0  0  0  0
1  0  0  0  0  0  0  0
0  0  0  0  0  1  0  0
0  0  0  0  0  0  0  1
0  1  0  0  0  0  0  0
0  0  0  1  0  0  0  0

Group89

0  0  0  0  0  0  0  1
0  1  0  0  0  0  0  0
0  0  0  1  0  0  0  0
1  0  0  0  0  0  0  0
0  0  0  0  0  0  1  0
0  0  0  0  1  0  0  0
0  0  1  0  0  0  0  0
0  0  0  0  0  1  0  0

Group90

0  0  0  0  0  0  0  1
0  1  0  0  0  0  0  0
0  0  0  0  1  0  0  0
0  0  1  0  0  0  0  0
1  0  0  0  0  0  0  0
0  0  0  0  0  0  1  0
0  0  0  1  0  0  0  0
0  0  0  0  0  1  0  0

Group91

0  0  0  0  0  0  0  1
0  0  1  0  0  0  0  0
1  0  0  0  0  0  0  0
0  0  0  0  0  1  0  0
0  1  0  0  0  0  0  0
0  0  0  0  1  0  0  0
0  0  0  0  0  0  1  0
0  0  0  1  0  0  0  0

Group92

0  0  0  0  0  0  0  1
0  0  0  1  0  0  0  0
1  0  0  0  0  0  0  0
0  0  1  0  0  0  0  0
0  0  0  0  0  1  0  0
0  1  0  0  0  0  0  0
0  0  0  0  0  0  1  0
0  0  0  0  1  0  0  0